#:::::::    Gain Matching parameters LISA - Versoek  :::::::
#:::::::    | Layer | x | y | slope | intercept |   :::::::

#::::::::::::::::::::::::::     Layer 1      ::::::::::::::::::::::::#

1 0 0 0.000121586 -0.213588
1 0 1 0.00012424 -0.306335
1 0 2 0.000121361 -0.337405
1 0 3 0.000120573 -0.289022
1 0 4 0.000121619 -0.326138
1 1 0 0.000119747 -0.21067
1 1 1 0.000120525 -0.227396
1 1 2 0.000119444 -0.256825
1 1 3 0.000119215 -0.280451
1 1 4 0.000122642 -0.269744
1 2 0 0.000120257 -0.347798
1 2 1 0.000122416 -0.355843
1 2 2 0.000119756 -0.258499
1 2 3 0.000118733 -0.31087
1 2 4 0.000122055 -0.317232
1 3 0 0.00012607 -0.333758
1 3 1 0.000122443 -0.309911
1 3 2 0.0001227 -0.293853
1 3 3 0.000120293 -0.306583
1 3 4 0.000121277 -0.301485
1 4 0 0.000118829 -0.23282
1 4 1 0.00011956 -0.282742
1 4 2 0.000120439 -0.252142
1 4 3 0.000117316 -0.238468
1 4 4 0.000116715 -0.268131


#::::::::::::::::::::::::::     Layer 2      ::::::::::::::::::::::::#

2 0 0 0.000122691 -0.627585
2 0 1 0.00012317 -0.579295
2 0 2 0.000123347 -0.554914
2 0 3 0.00012344 -0.566187
2 0 4 0.000125598 -0.529959
2 1 0 0.000123792 -0.655386
2 1 1 0.000124856 -0.627056
2 1 2 0.000123702 -0.51517
2 1 3 0.000122146 -0.503783
2 1 4 0.000123843 -0.487533
2 2 0 0.000124307 -0.698627
2 2 1 0.000123602 -0.539764
2 2 2 0.000123393 -0.550886
2 2 3 0.000122674 -0.44929
2 2 4 0.00011658 -0.437955
2 3 0 0.000123409 -0.590852
2 3 1 0.000125244 -0.530042
2 3 2 0.000121119 -0.493078
2 3 3 0.000118645 -0.452301
2 3 4 0.000118193 -0.398055
2 4 0 0.000124808 -0.539103
2 4 1 0.000122976 -0.509441
2 4 2 0.000124373 -0.463476
2 4 3 0.000120806 -0.439624
2 4 4 0.000120498 -0.440185
