#:::::::    Gain Matching parameters LISA - Versoek  :::::::
#:::::::    | Layer | x | y | slope | intercept |   :::::::

#::::::::::::::::::::::::::     Layer 1      ::::::::::::::::::::::::#
    1    0    0              1              0
    1    0    1       0.985664              0
    1    0    2       0.984022              0
    1    0    3         1.0365              0
    1    0    4       0.978003              0
    1    1    0        1.01737              0
    1    1    1       0.991242              0
    1    1    2         1.0007              0
    1    1    3        1.00607              0
    1    1    4       0.984028              0
    1    2    0       0.990844              0
    1    2    1       0.979228              0
    1    2    2       0.981889              0
    1    2    3        1.00719              0
    1    2    4       0.990965              0
    1    3    0       0.987267              0
    1    3    1         0.9769              0
    1    3    2       0.973515              0
    1    3    3       0.988999              0
    1    3    4        0.96516              0
    1    4    0       0.993625              0
    1    4    1        1.00696              0
    1    4    2       0.998736              0
    1    4    3       0.993675              0
    1    4    4       0.958964              0
    

#::::::::::::::::::::::::::     Layer 2      ::::::::::::::::::::::::#

    2    0    0        0.98117              0
    2    0    1       0.987663              0
    2    0    2       0.991685              0
    2    0    3       0.989693              0
    2    0    4        1.00325              0
    2    1    0       0.988075              0
    2    1    1        1.00043              0
    2    1    2       0.993157              0
    2    1    3        1.00919              0
    2    1    4       0.992973              0
    2    2    0       0.990955              0
    2    2    1       0.996854              0
    2    2    2       0.992777              0
    2    2    3       0.977207              0
    2    2    4        1.00451              0
    2    3    0       0.993642              0
    2    3    1       0.985941              0
    2    3    2       0.996053              0
    2    3    3       0.960503              0
    2    3    4       0.978826              0
    2    4    0        1.01777              0
    2    4    1        1.00452              0
    2    4    2        0.94878              0
    2    4    3       0.960677              0
    2    4    4       0.978289              0
