#:::::::    Gain Matching parameters LISA - Versoek  :::::::
#:::::::    | Layer | x | y | slope | intercept |   :::::::

#::::::::::::::::::::::::::     Layer 1      ::::::::::::::::::::::::#
    1    0    0              1              0
    1    0    1        1.00197              0
    1    0    2         1.0021              0
    1    0    3        1.00118              0
    1    0    4        1.00043              0
    1    1    0       0.999921              0
    1    1    1        1.00134              0
    1    1    2        1.00085              0
    1    1    3        1.00097              0
    1    1    4        1.00052              0
    1    2    0        1.00026              0
    1    2    1       0.999998              0
    1    2    2        1.00126              0
    1    2    3        1.00062              0
    1    2    4        1.00007              0
    1    3    0        1.00015              0
    1    3    1        1.00005              0
    1    3    2        0.99925              0
    1    3    3       0.995247              0
    1    3    4         1.0001              0
    1    4    0        0.99833              0
    1    4    1       0.999041              0
    1    4    2       0.999872              0
    1    4    3        1.00017              0
    1    4    4       0.999687              0
    

#::::::::::::::::::::::::::     Layer 2      ::::::::::::::::::::::::#

    2    0    0        1.00239              0
    2    0    1        1.00273              0
    2    0    2        1.00235              0
    2    0    3        1.00287              0
    2    0    4        1.00197              0
    2    1    0        1.00295              0
    2    1    1        1.00175              0
    2    1    2        1.00232              0
    2    1    3        1.00121              0
    2    1    4        1.00101              0
    2    2    0        1.00382              0
    2    2    1        1.00137              0
    2    2    2        1.00169              0
    2    2    3        1.00252              0
    2    2    4        1.00179              0
    2    3    0        1.00082              0
    2    3    1        1.00137              0
    2    3    2        1.00082              0
    2    3    3        1.00136              0
    2    3    4        1.00186              0
    2    4    0       0.999474              0
    2    4    1       0.999856              0
    2    4    2        1.00155              0
    2    4    3         1.0021              0
    2    4    4        1.00193              0
