z x y m b#:::::::    Gain Matching parameters LISA - Versoek  :::::::
#:::::::    | Layer | x | y | slope | intercept |   :::::::

#::::::::::::::::::::::::::     Layer 1      ::::::::::::::::::::::::#

1 0 0 0.00011969889983456289 0.0658205779752457
1 0 1 0.00011853673701309841 0.03256954808868012
1 0 2 0.00011830035527325799 0.04239410528677042
1 0 3 0.00012456886747676626 0.04642243410099847
1 0 4 0.0001169484166686237 0.087060946194825
1 1 0 0.00012184473222352195 0.052638331796108155
1 1 1 0.00011877873287635049 0.06318240244435805
1 1 2 0.00011981074083586346 0.07844273465325177
1 1 3 0.00012060548972117193 0.05632362870355551
1 1 4 0.00011797267672314569 0.055424932908450526
1 2 0 0.00011920780881487026 0.019570553356819467
1 2 1 0.00011697381240009356 0.08233174072673705
1 2 2 0.00011804183768152613 0.0358611594290474
1 2 3 0.00012057532140845331 0.07428218136210907
1 2 4 0.00011884146993070234 0.04631308482023681
1 3 0 0.00011834861649392606 0.049399969929441
1 3 1 0.00011685970519729676 0.0670022475022989
1 3 2 0.00011653494570491009 0.055687211264157155
1 3 3 0.00011691208927899295 0.14149221490106892
1 3 4 0.00011534326669075368 0.08225484247409169
1 4 0 0.00011855777243150471 0.07907754337535614
1 4 1 0.0001205099689186447 0.049368239625364005
1 4 2 0.0001194923087070865 0.06349466930747515
1 4 3 0.00011908853014239253 0.056397370582424534
1 4 4 0.00011467119584740294 0.0706547242858144

#::::::::::::::::::::::::::     Layer 2      ::::::::::::::::::::::::#

2 0 0 0.00011840695871126165 0.015741180455653564
2 0 1 0.00011922316979599895 0.01230020197309912
2 0 2 0.00012023225726870861 -0.03786104867256964
2 0 3 0.00011942944600674068 0.016414528507233815
2 0 4 0.0001206767297329821 0.03728945073174066
2 1 0 0.00011966677638654575 -0.01598866401208319
2 1 1 0.00012040849862555152 0.03142651305646175
2 1 2 0.00011931930842300452 0.05883168857789104
2 1 3 0.00012133548727654194 0.03602868322775171
2 1 4 0.00011914960838076721 0.05410174855430158
2 2 0 0.00011978434561730195 0.005017475724239321
2 2 1 0.00012002539775055198 0.02411997642350093
2 2 2 0.00011937706811627634 0.04531099636727833
2 2 3 0.00011730550192726501 0.059931875388198635
2 2 4 0.00012066772978466436 0.044597379523036516
2 3 0 0.00011923464419374315 0.047199843966294314
2 3 1 0.00011830786216010986 0.05935703300404239
2 3 2 0.00011958235161880561 0.046092707044055485
2 3 3 0.00011533806653148704 0.05161737419925629
2 3 4 0.00011724746968402348 0.07944585285578613
2 4 0 0.00012221258418581332 0.024819537307664088
2 4 1 0.00012023709930782403 0.0629369077853285
2 4 2 0.00011408892766325621 0.037238517984027344
2 4 3 0.00011530094028011733 0.0606758377399131
2 4 4 0.00011762172428570562 0.042513446307720776
