#:::::::    Gain Matching parameters LISA - Versoek  :::::::
#:::::::    | Layer | x | y | slope | intercept |   :::::::

#::::::::::::::::::::::::::     Layer 1      ::::::::::::::::::::::::#

1 0 0 0.210364 -0.279428
1 0 1 0.215253 -0.388055
1 0 2 0.210573 -0.432257
1 0 3 0.210228 -0.712259
1 0 4 0.212852 -0.735836
1 1 0 0.206475 -0.28627
1 1 1 0.208612 -0.338175
1 1 2 0.20727 -0.569821
1 1 3 0.207127 -0.595067
1 1 4 0.214548 -0.65165
1 2 0 0.207799 -0.70536
1 2 1 0.213222 -0.812139
1 2 2 0.207093 -0.299001
1 2 3 0.206249 -0.603372
1 2 4 0.212227 -0.36688
1 3 0 0.21914 -0.752844
1 3 1 0.213251 -0.724671
1 3 2 0.21353 -0.471395
1 3 3 0.210642 -0.52198
1 3 4 0.212838 -0.579302
1 4 0 0.205947 -0.604839
1 4 1 0.207564 -0.612936
1 4 2 0.208642 -0.252048
1 4 3 0.204857 -0.468304
1 4 4 0.204242 -0.482375


#::::::::::::::::::::::::::     Layer 2      ::::::::::::::::::::::::#

2 0 0 0.206917 -0.674807
2 0 1 0.207936 -0.641235
2 0 2 0.207897 -0.570318
2 0 3 0.208625 -0.613072
2 0 4 0.212153 -0.519421
2 1 0 0.208581 -0.732863
2 1 1 0.210323 -0.649628
2 1 2 0.208959 -0.564322
2 1 3 0.206826 -0.542852
2 1 4 0.209543 -0.466496
2 2 0 0.208378 -0.732727
2 2 1 0.209536 -0.656235
2 2 2 0.208457 -0.615434
2 2 3 0.20698 -0.472318
2 2 4 0.196624 -0.419211
2 3 0 0.207045 -0.621981
2 3 1 0.211837 -0.608066
2 3 2 0.204473 -0.490024
2 3 3 0.199878 -0.462727
2 3 4 0.199569 -0.382681
2 4 0 0.209872 -0.577037
2 4 1 0.208035 -0.566042
2 4 2 0.210259 -0.471254
2 4 3 0.20349 -0.410335
2 4 4 0.202819 -0.398994
