#:::::::    Gain Matching parameters LISA - Versoek  :::::::
#:::::::    | Layer | x | y | slope | intercept |   :::::::

#::::::::::::::::::::::::::     Layer 1      ::::::::::::::::::::::::#
1 0 0 0.000161622 -1.77312
1 0 1 0.000137258 -0.668761
1 0 2 0.000157187 -1.88353
1 0 3 0.000172919 -2.28128
1 0 4 0.000144565 -1.06729
1 1 0 0.000155985 -1.74305
1 1 1 0.000154374 -1.45883
1 1 2 0.000143087 -0.902073
1 1 3 0.000174737 -2.5946
1 1 4 0.000145024 -1.07109
1 2 0 0.000141318 -0.87161
1 2 1 0.000144802 -0.92977
1 2 2 0.000138169 -0.618679
1 2 3 0.000150534 -1.45688
1 2 4 0.000151935 -1.48395
1 3 0 0.00013626 -0.532592
1 3 1 0.000165492 -2.25737
1 3 2 0.000156217 -1.81472
1 3 3 0.000133871 -0.432506
1 3 4 0.00014756 -1.06919
1 4 0 0.000167037 -2.44325
1 4 1 0.00019093 -3.68222
1 4 2 0.000173891 -2.79839
1 4 3 0.00013698 -0.681605
1 4 4 0.000128117 -0.283907


#::::::::::::::::::::::::::     Layer 2      ::::::::::::::::::::::::#

2 0 0 0.000140563 -1.90012
2 0 1 0.00012113 -0.497599
2 0 2 0.000121499 -0.67538
2 0 3 0.000134467 -1.31402
2 0 4 0.000135862 -1.25473
2 1 0 0.000130998 -1.11017
2 1 1 0.000131956 -1.39255
2 1 2 0.000129135 -0.885898
2 1 3 0.00013959 -1.91245
2 1 4 0.000135931 -1.35718
2 2 0 0.000132123 -1.04641
2 2 1 0.00013152 -1.32554
2 2 2 0.000132369 -1.17228
2 2 3 0.000126687 -0.683252
2 2 4 0.000135483 -1.34352
2 3 0 0.000129411 -0.94678
2 3 1 0.000147797 -2.17174
2 3 2 0.000137383 -1.51839
2 3 3 0.000128584 -0.805008
2 3 4 0.000138555 -1.75772
2 4 0 0.00014728 -2.0503
2 4 1 0.00015432 -2.75582
2 4 2 0.000142536 -1.86684
2 4 3 0.000128133 -0.807821
2 4 4 0.000130547 -1.07992
